0.0691629,-0.624243
3.15106,4.23386
1.43851,6.54463
2.14335,4.76028
-0.399764,1.47907
1.72531,2.88679
0.991128,3.51038
2.62196,6.15223
1.2865,3.71971
1.32942,2.92868
0.334237,2.21983
1.39468,2.38809
1.78861,5.83471
0.588361,2.52551
1.8511,3.13786
-1.01337,2.92286
-0.0183836,1.97229
1.76509,4.27997
0.495596,1.15675
1.13262,6.87892
1.21205,3.71308
1.99421,6.54421
1.2918,2.99811
1.17812,1.98853
1.50062,2.91992
-0.538649,2.0353
1.07726,2.72597
-0.381035,1.49278
-0.68985,-0.0647899
-0.383009,2.64022
1.5374,3.42904
1.3849,4.12366
-0.312191,1.26277
0.518699,1.69504
2.36398,3.74264
1.86706,5.67162
1.39994,4.30772
2.7054,4.52252
1.72112,3.20317
2.04058,3.62501
1.832,4.21603
0.79383,1.00254
3.27508,6.6929
-0.46626,3.81217
0.0681591,2.78617
-0.174767,0.759651
0.586742,3.34328
2.39381,3.67345
0.576559,1.38436
0.527333,1.62935
0.0707437,1.48462
0.0540971,0.847775
-0.0144773,0.824547
1.13942,2.67215
0.419923,1.95566
-0.306166,-0.579992
0.282294,2.5315
1.92239,1.39728
0.308381,2.46963
-0.30939,0.239046
2.49959,4.62627
0.642349,2.41614
0.290291,3.83051
1.43415,3.67529
1.4491,3.93873
-0.896887,1.12627
-0.111253,1.9511
1.9771,4.58722
0.296454,0.209921
1.25985,3.62635
0.203232,1.7451
-0.380044,0.281929
0.511727,2.3333
-0.331205,2.1869
1.32135,2.98252
1.0917,3.75422
0.451434,3.75429
-0.149318,0.0293666
0.221081,1.79941
0.747905,1.12246
1.38778,4.19424
1.48471,-0.422626
1.71165,3.90749
0.87115,3.84777
1.68128,1.60828
1.25804,0.992021
1.55147,3.73361
1.50664,4.39084
3.10318,5.03998
2.44678,3.4099
2.65217,5.36554
2.61717,3.58305
1.20517,4.55468
-0.317685,1.39199
0.706925,3.95161
0.948595,0.825606
-0.162171,0.0380652
3.0602,5.45082
1.66458,3.6877
0.0436979,1.93791
-0.312534,1.35766
1.36719,4.84833
-0.37415,1.18314
-0.162534,3.97047
1.64081,6.00384
1.51428,5.49847
1.26707,4.65559
-1.11343,-0.948435
-0.161997,2.60932
-0.378976,0.898219
0.407332,2.1419
0.200955,3.57754
2.30346,4.18996
1.42127,3.73465
0.850499,3.99626
1.674,4.76639
0.138539,2.19522
2.08973,5.07749
0.6767,4.17278
2.10588,3.96759
-0.28602,2.21344
0.632316,2.41814
1.05304,5.14207
1.37846,4.94338
-0.979687,2.07519
1.13873,5.4093
1.00095,4.0811
-0.46037,1.14762
1.97545,4.43752
0.816198,3.79174
3.21076,8.0226
0.335116,4.76836
2.10559,6.50375
2.38851,6.02837
-1.5803,0.620993
0.599338,3.10729
1.32717,2.49818
0.180952,-1.01157
1.50169,3.04926
2.35755,5.16696
2.51895,5.77244
0.5715,2.7453
0.967146,2.09093
0.451155,1.22921
0.172263,-0.175243
0.840756,-0.39645
0.382426,3.0316
0.389766,2.67912
1.99587,3.21622
2.46535,6.29672
0.868613,3.5332
0.326029,1.87526
-0.00836853,0.898848
1.37718,3.33478
0.576983,0.0633146
0.0901253,2.22076
-1.2449,-0.403079
-0.122688,2.04443
0.185361,0.281707
0.217718,3.50459
0.655388,3.48724
1.25599,2.89058
1.31619,4.78403
1.74102,3.86613
1.93237,4.3888
1.99743,2.43758
1.6928,1.72845
-0.650794,1.02019
0.431511,2.75906
3.67485,4.65049
0.823814,3.55336
0.191556,1.27356
0.383948,0.821052
-0.799615,-0.640935
1.19007,3.52578
1.04946,4.55965
0.893778,2.29695
1.84285,1.7665
1.83955,4.69654
0.56013,3.75839
1.12865,1.53061
0.764872,2.14002
0.445713,1.41106
1.60557,3.73827
1.11268,3.64854
3.23825,5.86439
-0.106358,-0.390876
1.48385,5.05847
1.68295,5.90957
1.54072,2.94779
0.938525,3.12896
1.73898,4.53446
0.576065,2.10993
0.764666,2.40979
-1.06786,0.310177
1.00697,3.59306
2.01414,3.86349
2.08005,3.35068
2.26246,5.91346
-0.256187,1.60032
-0.0763053,2.29652
2.35841,4.34001
2.88526,4.31227
0.291698,2.54221
2.23576,3.03248
0.507396,3.05475
0.418259,2.71994
0.174314,2.31663
1.66864,2.7282
0.112912,2.65981
0.671619,3.97885
1.8829,5.41361
1.74051,6.24372
1.68015,4.39417
1.39003,2.71626
1.93138,1.98058
0.710853,3.76918
1.97182,3.82512
3.05432,7.2133
0.558968,1.08368
-0.0929293,1.40427
0.601564,2.72878
-0.573385,0.155731
1.26557,4.50106
2.16634,3.42339
1.10968,2.35221
0.0282187,1.58477
0.684543,2.35986
3.18558,5.74938
1.36776,3.96868
0.16164,4.11941
2.11487,3.02606
0.0874787,1.77026
0.434797,3.13805
1.79738,3.98439
0.975188,2.23731
0.456065,2.75469
0.791468,2.07598
1.20792,4.93266
2.42001,4.41037
1.20326,4.78101
0.160877,1.46929
1.28395,2.77313
-0.02747,1.12872
-0.374834,1.16463
0.468982,2.93693
1.41684,5.79909
1.48319,2.24972
1.35006,3.71842
-0.0610396,1.49518
1.6143,4.15044
1.6855,2.62872
2.25207,6.11396
3.09948,5.79107
1.14656,4.01327
0.0944098,4.07508
-0.849736,2.53978
0.408469,2.04439
0.77992,3.93806
2.51918,2.34815
1.35092,2.9833
0.716849,1.64051
0.481477,3.80265
1.04746,0.701126
2.01896,6.62196
2.93209,5.27986
0.704854,3.53996
2.12078,2.20836
1.98292,4.31506
0.335345,1.37875
1.63524,3.94403
0.996814,3.52698
-0.13187,2.00067
1.56956,2.84788
1.60288,1.7809
1.60812,4.35061
1.24661,2.67099
1.32808,2.162
-1.40505,0.97217
2.43935,4.76255
0.991198,1.95515
-0.717532,2.26679
0.181047,0.841624
2.48217,4.91928
1.53915,3.94407
-0.0697776,3.19943
0.679846,3.57771
1.00186,3.56148
1.37967,6.28044
2.12249,4.8678
1.29883,3.04895
0.64939,1.20645
0.498054,4.56899
1.10405,4.56895
2.0451,3.2997
-0.842305,2.04313
0.940437,5.00863
-0.741545,-0.214221
1.65788,2.48051
1.88561,5.22926
2.45277,3.72508
1.26731,2.4225
2.09332,2.1965
2.72019,5.37336
-0.977675,0.329025
2.30194,5.72988
1.01623,4.12004
2.16035,6.49739
1.19013,3.66535
1.62343,5.06562
1.3375,2.01615
1.60135,3.49955
1.21664,5.82605
1.73196,3.60196
0.957659,0.128554
1.64038,3.77888
-0.360779,2.01372
1.3927,2.48911
0.941005,4.75638
-0.927694,0.247495
1.73877,3.53785
3.11926,1.24454
1.51412,6.1426
-0.685726,2.11424
1.23416,3.75844
-0.618459,-0.616074
0.696911,3.25011
1.66142,5.29454
1.60193,1.70655
0.932096,1.86084
0.6854,2.17942
0.131671,1.70546
1.48519,1.64362
1.04089,2.76672
2.70244,6.49473
0.647457,0.882884
1.78036,4.20799
-0.102035,2.3009
-0.106204,0.181777
2.35521,5.44875
0.0720128,0.0492894
-0.154038,1.15595
2.36757,4.09838
-0.274565,1.9306
1.55468,1.13922
1.36514,5.93307
2.25279,3.22892
1.34806,3.85372
2.87209,6.10882
0.453529,3.44219
1.52988,2.99932
2.37334,1.5188
0.264496,1.6812
2.06242,6.44451
0.853607,4.41306
2.02328,4.03192
1.77656,2.50478
1.27151,4.11668
0.805068,2.74953
1.34909,3.50937
-0.600859,1.96883
2.77375,5.93304
1.34657,3.12551
-0.0171489,1.91174
1.7532,5.4834
0.730199,5.21301
1.34622,4.63791
1.70917,5.01674
2.25106,3.65677
2.20757,4.69334
0.284524,3.83419
0.0169175,2.65149
0.669281,2.49927
2.14055,5.59347
1.3702,5.37913
0.836237,2.09625
0.605377,1.1222
3.15714,5.47183
1.88031,2.57457
-0.101671,2.07044
1.35331,2.12534
3.70792,7.28397
0.52285,2.95092
1.85353,4.31361
0.50953,1.18801
2.07116,3.85526
2.29805,4.48463
0.351589,1.77592
2.06134,1.65448
0.040275,2.61378
3.57064,6.4251
2.80722,5.33027
0.234776,3.70356
0.637612,4.70212
0.431855,1.08214
0.555911,2.39839
1.82362,4.79544
1.14906,2.26825
1.50874,2.21339
1.62575,6.14285
0.0421997,3.32944
0.899981,4.63507
1.81084,5.74059
-0.420728,1.03811
0.641465,2.61058
1.64095,4.74869
-0.524193,3.22401
1.29355,5.00858
0.748328,1.2069
1.08158,1.93322
0.355385,-0.0997178
1.27682,4.10058
0.668061,1.54387
-1.56828,0.657168
2.16901,5.35871
-0.0682438,2.30351
0.820421,3.96193
0.87741,2.1242
-0.309629,-1.27007
0.941452,1.78003
-0.434927,2.6306
0.0456193,2.05828
-0.100649,2.69125
1.17147,1.78255
-0.0920675,0.362159
1.92937,2.72737
0.646808,3.45642
1.08523,1.48568
2.16319,2.70694
0.817668,2.51897
1.94502,6.62945
-1.13433,-1.23569
0.499629,0.935514
2.99052,4.09831
0.916651,1.76382
1.93369,3.71987
1.45067,3.97613
1.2791,3.78693
2.96877,2.5862
0.628227,2.11411
0.654461,2.27235
-0.593367,0.508701
0.533063,1.89487
0.908999,1.56108
0.809247,3.09771
1.11535,2.55063
0.40883,2.58498
0.664133,2.06708
1.83552,2.86752
1.78641,3.82586
0.894765,1.87339
1.83338,5.05433
0.172587,3.19477
2.00654,4.01374
1.10189,1.46716
0.609628,3.48378
2.58263,3.19666
0.768031,3.72876
1.34168,0.848028
2.33409,3.37363
0.22003,0.649424
0.275767,0.678891
1.47583,3.89165
0.638385,2.3706
2.39162,5.00561
1.82791,3.41652
1.14578,2.99885
0.997337,1.58529
0.950793,4.98265
1.69973,6.58329
-0.810518,2.58155
1.40549,4.69469
0.0782399,2.00613
1.09134,3.83997
3.3873,4.68712
1.21227,4.72441
3.77216,7.7316
0.993687,2.24349
1.30514,3.37085
1.97393,4.54009
0.187527,3.71276
1.82682,2.33637
1.95902,2.65929
0.233498,1.62967
0.290215,1.93161
1.00873,1.69244
1.35539,2.2793
-0.104328,1.14305
0.479012,1.29825
1.38664,3.31712
1.96016,3.93316
1.38525,5.2957
3.11431,5.9104
0.316884,0.57883
1.80818,5.86969
1.82877,4.39784
1.41005,5.51819
-0.790292,-0.647017
0.410323,3.14294
-0.0253548,-0.137559
2.28271,6.90053
-0.112462,1.88547
0.255797,-1.97511
1.02457,4.25512
1.28979,2.17083
0.934108,2.84611
-0.624795,1.51616
1.67075,5.01468
1.94195,4.5885
0.651454,2.04604
-0.207324,1.10101
-0.707432,3.04448
0.585474,1.43628
1.0942,0.897529
0.428334,2.8371
2.17684,3.54215
1.15645,3.67661
2.03874,6.32326
0.917493,3.21377
-0.115496,-0.678163
-1.65553,-1.22643
1.6261,4.27282
0.627999,2.68525
2.48505,3.88715
1.34187,3.19863
1.78374,3.83067
-2.0211,-0.143471
2.11244,4.80403
1.47905,4.73854
0.417006,3.74966
0.0663047,0.966317
1.36493,3.78385
1.00354,5.03471
-0.336835,1.90375
1.42058,4.09275
0.611585,0.202441
0.341161,-1.04604
1.73432,3.69165
-1.14516,-0.294326
2.38797,5.53538
0.510568,3.74503
-0.663328,-1.29796
0.741505,1.44598
0.415096,1.74853
0.885267,1.91571
0.301229,1.891
0.134349,0.4321
0.262953,2.43372
0.757477,2.46176
0.854796,3.86466
0.826809,1.47575
0.343565,3.52093
1.37227,3.68239
-0.28164,1.13271
1.09238,2.19163
0.821074,1.90119
0.813794,3.26531
2.13049,5.27874
0.412175,0.563813
1.18639,3.64002
0.760337,2.81906
1.9623,3.635
-0.402955,2.98342
0.37613,3.21053
1.48133,3.65384
0.215497,0.912036
2.1299,3.34389
0.842277,3.73622
0.73309,3.69933
0.611532,3.97802
1.39582,2.30597
1.68106,2.17851
1.99344,4.59565
0.289343,1.31326
-1.46279,-0.20965
0.476359,1.73005
1.45309,4.86467
1.95538,5.83985
1.53156,2.13025
1.50291,2.48232
2.74344,5.04099
1.28767,2.76107
2.756,5.40404
0.0545675,4.40937
2.05858,3.91318
0.819823,3.89818
2.5125,3.8364
0.289274,1.13544
2.08625,4.21212
2.21343,5.25934
1.02443,4.30909
1.18592,2.04386
0.862727,1.77652
-0.101936,4.36419
1.85196,3.98895
-0.0644997,1.26934
1.50414,3.20487
0.090925,3.33603
0.291455,4.30091
1.70034,3.68747
1.26251,4.01168
-0.0207034,0.673687
1.90414,4.07285
-0.81402,2.66712
1.67327,4.45686
2.6651,5.78424
2.80837,5.21497
-0.871384,0.419675
2.3987,3.00919
1.49726,2.68824
-0.937347,2.34707
1.56751,4.79317
0.33833,3.97248
0.367908,0.898882
1.84355,5.78344
3.26373,5.48725
1.2872,3.87121
2.1445,3.17097
2.01588,6.09884
0.748386,0.744996
1.9716,3.74558
1.18596,3.37656
1.44294,2.58473
1.3556,2.75893
0.429215,2.29406
1.01307,1.67695
2.16919,3.60896
-1.09472,1.54423
1.32691,2.55439
1.29083,3.73494
-0.0663101,3.862
0.242324,2.77425
1.25893,2.80434
0.919042,6.05231
0.255678,2.15982
-0.535754,0.0853645
0.839633,2.955
-0.765959,0.942071
1.04308,2.3124
0.950616,4.96926
1.17365,5.20573
0.496067,2.57841
2.45053,5.05013
1.07787,2.4241
1.36302,1.76424
1.17638,3.40824
0.608723,2.26765
1.83736,5.31254
0.9032,2.57357
0.768786,1.12603
0.550609,2.04279
-1.1645,0.899656
-0.295679,1.97243
2.80577,7.35041
2.64623,4.00871
1.22811,4.75254
0.603449,4.21553
0.0601768,3.07693
1.5637,3.43866
1.18541,0.769793
2.44161,6.312
0.25842,1.91394
1.13026,2.79637
2.16033,1.12027
2.45267,5.29824
0.137063,1.63001
-0.715726,0.848871
2.70487,5.58184
0.968978,2.49601
2.78021,4.76884
0.873195,3.47172
0.900934,4.0859
1.02186,3.16918
1.20439,2.66738
1.33646,2.99128
1.29135,2.68916
0.560858,3.67607
0.771704,3.29689
0.918166,2.49368
2.28148,5.25417
1.17349,2.35533
0.648798,2.19686
0.791357,2.81855
2.7275,5.0711
-0.115344,3.74713
1.48156,4.31072
2.09775,3.64039
0.343216,0.979662
1.6477,4.74411
2.28199,3.75272
-0.463149,0.677436
-0.62781,-0.627001
0.869527,1.50103
1.02706,3.98692
2.00013,5.83646
0.437297,1.71147
0.937981,4.26918
0.544185,3.91281
1.30055,1.47094
1.10261,3.78578
2.49397,3.8538
2.19608,3.00917
1.02332,4.17669
0.175331,3.41183
-0.250082,1.02263
0.821454,4.07495
0.942291,2.18299
1.91115,5.65188
1.57426,4.22208
-0.0904916,3.37177
0.249445,2.91658
0.117499,0.338483
2.11773,4.11827
1.2018,3.34061
1.48543,3.39351
2.28074,3.1397
0.787646,3.16756
-0.174289,2.04529
0.576467,1.47475
2.22694,3.27324
0.396203,3.72688
0.0616425,2.04862
-0.811444,1.89193
0.365128,1.38664
1.56808,4.04291
-0.710701,2.77722
0.243719,2.86429
1.2145,4.03303
2.24975,4.98361
-0.0726782,2.62568
1.08146,1.2886
1.60215,3.41545
1.45603,3.22923
1.56821,2.83903
-0.998525,0.117469
0.142024,2.40532
-1.89817,0.0649181
-0.361616,-0.7732
0.0230096,1.91651
0.879459,5.33483
0.578784,3.06828
0.039249,1.36227
-1.1326,1.40641
1.11475,2.83195
1.23184,4.25449
0.966573,1.86481
1.6106,3.24919
1.1163,2.90919
1.20879,5.9173
0.720769,1.17139
3.23066,5.78609
1.38883,5.25043
0.59148,2.8173
1.30242,2.84145
1.67335,5.53638
0.658936,0.164562
0.859829,2.56631
0.928121,3.04539
-0.234264,1.92973
2.16016,2.14413
1.60226,3.69037
-0.100437,3.71317
-1.19158,0.295062
0.225205,2.59241
2.16448,5.05631
1.56536,2.73415
0.177059,3.18743
-0.1365,2.74557
0.163114,1.36035
0.947456,3.95757
-0.0235028,3.41744
0.709701,4.228
-0.0528718,2.0819
2.15082,3.41465
2.9058,4.69941
0.356051,2.02537
-1.40369,0.838789
1.19352,1.97903
2.07632,2.63388
1.285,2.43212
2.22515,4.67147
-0.70261,0.762616
0.852482,2.96103
-0.670404,0.527533
0.761797,3.51557
1.13573,3.79649
1.19525,2.09223
3.05939,6.32316
-0.111622,1.9205
1.72321,2.02279
1.51109,2.96114
1.97547,3.16557
0.370717,1.27691
1.43757,3.05692
1.29006,4.11388
-1.15411,0.561271
0.265088,3.68397
1.14202,0.495657
1.04542,4.03672
1.42495,1.38214
0.815837,3.12151
1.60764,5.41343
-0.541282,1.0553
0.770423,5.09597
0.899846,4.29774
1.24156,2.98013
0.816573,2.2712
0.583108,3.59981
2.1081,5.33185
0.99292,4.24783
1.14828,5.83053
-0.0069371,0.00597286
2.61598,6.96797
0.509882,1.37329
-0.0157869,1.92928
1.20859,3.99015
-0.22262,-0.308343
0.755155,1.71953
0.0103282,2.6055
1.21648,6.46738
0.99491,4.82207
1.90064,5.84249
0.493738,3.17052
0.71314,3.36939
1.00062,1.51082
0.358224,2.40415
0.507773,3.83288
1.93371,3.82073
1.32555,0.708728
1.42525,5.0571
1.53182,3.14362
1.33923,3.88406
2.4452,7.40788
1.51922,6.03152
1.15731,4.90821
0.8066,0.358149
0.798376,2.06832
1.12935,4.21158
0.566142,1.26134
1.08689,3.95812
-0.834714,0.309528
1.30899,4.8896
0.249521,0.75389
1.84042,2.73164
1.62027,6.05056
1.52788,-0.846121
0.198661,2.55886
0.250644,0.218493
1.17138,3.73489
-0.206912,1.44399
0.233824,2.89294
1.85137,2.43856
-0.474988,2.95595
-0.372097,2.77055
1.59222,3.60328
2.57196,3.9958
0.305308,2.31219
1.01578,2.12051
0.952368,2.49055
1.58135,4.78432
1.28961,4.11406
-2.11684,-1.72212
1.05088,0.365698
0.94688,2.16887
0.180183,5.09363
0.0245631,1.82322
2.34844,5.44838
0.657672,1.69044
1.95832,4.68137
1.62348,4.65712
0.973211,2.21072
-0.190386,2.43724
1.09446,5.21329
0.169717,1.79982
1.46892,2.37123
2.05467,4.40033
-0.317158,2.27113
0.732593,3.25701
-0.527281,2.61791
-0.179426,1.91404
0.45833,1.89035
-0.143836,3.35622
1.35729,3.4345
2.40484,3.68228
1.43997,6.28007
-0.479724,1.20617
1.62537,7.32633
1.03991,2.9796
1.67487,1.81863
1.76896,2.43613
0.431773,1.79679
2.64965,6.069
1.41444,4.05505
1.38376,2.23319
-1.39451,0.517892
1.7366,3.87493
0.743851,3.91664
1.98995,5.3822
1.27102,4.4771
0.484079,3.0503
0.532395,3.40457
0.628921,1.37551
0.927083,3.79616
0.75142,2.62641
0.620334,2.58116
2.79935,4.06845
1.76807,6.33993
1.7671,3.02726
1.61899,3.64238
0.939338,4.04514
2.24985,4.9095
2.66904,4.05889
1.91486,3.14673
-0.423133,0.641486
1.85146,3.84286
1.3529,3.31687
0.86786,1.62942
1.01292,1.61986
1.46581,3.24961
2.19286,5.9305
-0.522203,1.63725
2.06658,4.59454
0.526761,0.54756
0.445281,4.30222
-0.454357,-1.08952
0.484848,2.0107
0.823267,3.57081
0.366527,0.465419
0.12426,2.65669
1.39501,3.86999
1.41683,4.85669
0.402444,1.96749
2.16435,6.76075
1.08937,3.69243
0.286161,3.74558
0.415176,4.73551
1.71588,2.6546
-0.238069,2.11052
2.94781,4.0277
1.02279,5.56476
2.19144,4.53275
-0.526914,0.191559
1.69759,5.81152
-1.04872,1.43743
2.37647,5.44327
2.40847,4.76219
2.44054,5.6995
-0.415752,1.78561
0.468986,1.53858
0.548683,1.56499
0.835523,3.13756
1.66778,5.32071
0.625655,3.92813
-0.602595,1.31069
2.2994,5.27537
1.97369,3.84156
0.432651,1.95342
3.87092,5.19798
1.53699,4.47273
1.08054,3.5645
-0.194461,3.21522
1.87652,4.31051
1.1352,3.8556
1.3204,4.59412
0.358963,3.86672
1.27846,4.25709
1.70989,3.398
1.43378,3.29119
-0.0213973,3.92912
0.900821,2.86525
0.579157,2.86704
0.173068,2.39051
2.29393,6.02499
0.312493,3.31575
0.720764,1.59836
3.18796,6.55622
0.747814,1.37515
1.86695,2.59382
1.55759,4.12162
-0.154926,0.310602
-0.667852,-1.83359
1.26236,4.08119
1.97939,4.25881
0.111299,1.86639
0.602586,2.15816
1.764,4.72138
1.64919,4.30177
1.51603,2.01884
1.70772,3.15237
0.264706,-0.996183
2.25952,4.80586
2.26432,4.50471
1.74679,2.89032
1.25244,3.56153
2.48371,4.23437
-0.0603992,0.6806
1.84462,4.28745
1.3387,2.44751
-0.0351113,1.61337
1.20358,2.69285
-1.29271,1.04601
0.621442,4.59703
0.902215,3.28208
0.748618,0.710445
0.431488,5.52709
2.93628,6.63422
0.23925,1.19636
0.536499,0.200617
0.531257,4.13172
1.66806,4.12911
3.16386,5.14396
2.18314,5.52971
0.928839,1.95527
1.11427,3.17339
1.88093,3.80349
-0.249297,-0.88643
1.52948,4.06164
-1.33478,-1.31036
0.0118176,1.08905
1.30793,4.12269
0.34697,2.06509
1.48098,4.81821
1.18561,4.08032
1.57982,2.86001
