4.390071632201747889e+02
2.895094656300516931e+02
1.360144553786571180e+02
9.800850485517042898e+01
6.322223392999568148e+01
5.233340868625597153e+01
3.945593347881493429e+01
3.320123184531454541e+01
3.120213478333288748e+01
2.947045569306665413e+01
2.517248608751590666e+01
2.428704521239707148e+01
2.237564803913122802e+01
1.962269744247535996e+01
1.861854034267361868e+01
1.764728787861747961e+01
1.660165576238430063e+01
1.436630432583852723e+01
1.287465428913994003e+01
1.205970804516465655e+01
1.171225571679328681e+01
1.075334504148785264e+01
1.009160789794973567e+01
9.864060034165005320e+00
9.331934112192337594e+00
8.768626797433134001e+00
8.391725130079779049e+00
8.022866987307301301e+00
7.479118699012810900e+00
7.027721046449988407e+00
6.721631867525694304e+00
6.575616580112471965e+00
6.350483488765876317e+00
6.215652866417345379e+00
5.988518779608703824e+00
5.753670464277465868e+00
5.645368255417747783e+00
5.418383338359043400e+00
5.144546146145246190e+00
5.054386636333326521e+00
4.913546881949764966e+00
4.778098584125118897e+00
4.632124552771233361e+00
4.530046184024163480e+00
4.366136501046342211e+00
4.333538077461132509e+00
4.215496077379685680e+00
4.142592840782347352e+00
4.084898958115637413e+00
3.949465786259646727e+00
3.873003502217457594e+00
3.578235554762765336e+00
3.558343775637431872e+00
3.524144533040288074e+00
3.441531204220440898e+00
3.375347712261607125e+00
3.347911814984337653e+00
3.222917200468621957e+00
3.182363365810968237e+00
3.148089402553662097e+00
3.008906528873105390e+00
2.869214690229568099e+00
2.842789557746280504e+00
2.810528049957215835e+00
2.753930675940233552e+00
2.732113658683936741e+00
2.669882600107601700e+00
2.595315942518536367e+00
2.538146375948840294e+00
2.508982620810980890e+00
2.485531140577202258e+00
2.471600649278940853e+00
2.416100854332896564e+00
2.364793350686634099e+00
2.333811174843034131e+00
2.276179424371703952e+00
2.245050194397624654e+00
2.208523194498754005e+00
2.192328295245222769e+00
2.081474711261906752e+00
2.067325235735344879e+00
2.035550366367733677e+00
2.010160601634084276e+00
1.963784861155309258e+00
1.918637625010431336e+00
1.902885261593930899e+00
1.877698787293910598e+00
1.818982282555297925e+00
1.798062100622870751e+00
1.768948975803449342e+00
1.756072730563824180e+00
1.726893647454104341e+00
1.685080114207952118e+00
1.669603298775897526e+00
1.631942064018518712e+00
1.576364916188541576e+00
1.568777083024564201e+00
1.558934172262801399e+00
1.548505722681164043e+00
1.523079546086969271e+00
1.505749619003520223e+00
1.465472698735713397e+00
1.470849884581629574e+00
1.436359650614595473e+00
1.395409144920635391e+00
1.360055414705408472e+00
1.340898713799178132e+00
1.333974122274838914e+00
1.308810558409318814e+00
1.294347628733011346e+00
1.274521993601452241e+00
1.236275079836636648e+00
1.233696176414217138e+00
1.206872973949772554e+00
1.210003267574789376e+00
1.181999171023527584e+00
1.166513546389068123e+00
1.154289445568349670e+00
1.148176192261076478e+00
1.130396528930964317e+00
1.105504896647027779e+00
1.085178353698211806e+00
1.079695353800620428e+00
1.069842775915482491e+00
1.056315203560292959e+00
1.031707395687933237e+00
1.007004460538776680e+00
1.012471037583188460e+00
9.840444079002409472e-01
9.918321832042537034e-01
9.930678567888239217e-01
9.600275790948815668e-01
9.512720607007583151e-01
9.453013526123362764e-01
9.342696002123798138e-01
9.157851314856855218e-01
8.934060400376765410e-01
8.974804020981077546e-01
8.877389783629463516e-01
8.443710874124568111e-01
8.590984449575644888e-01
8.656225922412736917e-01
8.672564946391222440e-01
8.295162152842397996e-01
8.167283884638255609e-01
7.984833131870112677e-01
7.888729366455365932e-01
7.810318008838614823e-01
7.707750805634284719e-01
7.666122615229065129e-01
7.545635237482463120e-01
7.465608104057721572e-01
7.413191710174967808e-01
7.375585109391946670e-01
7.246763142902988841e-01
7.207631066816549970e-01
7.110102467076611088e-01
6.985560241776597179e-01
6.953615646235591363e-01
6.918885684388172974e-01
6.818675520648627142e-01
6.719015516867243853e-01
6.692253073282311560e-01
6.605470530868579049e-01
6.543499866012192356e-01
6.390649129429532005e-01
6.334451488781772666e-01
6.305959245025537507e-01
6.245473728618736731e-01
6.186456403128798298e-01
6.145795133307392355e-01
6.088314230539256799e-01
5.898869577141269138e-01
5.936431145902835160e-01
5.978567544286119695e-01
5.822824969356178437e-01
5.889316611022302750e-01
5.695749617569608736e-01
5.614917519457293116e-01
5.564000666878914370e-01
5.490451546872600064e-01
5.454859519069519269e-01
5.322049139317027722e-01
5.394609925830800012e-01
5.360963692421042426e-01
5.280297745681461485e-01
5.162604669853348982e-01
5.174389482829027109e-01
5.052845264005870751e-01
5.003763135019466679e-01
4.956644558401457901e-01
4.902036766932563183e-01
4.880768782493640767e-01
4.834348825044714193e-01
4.776767949795913681e-01
4.771003695408686518e-01
4.715299280741810928e-01
4.586584425364063078e-01
4.655499766676368112e-01
4.638557375954596718e-01
4.542701945385453910e-01
4.447992863848306277e-01
4.424116559090833789e-01
4.377890288388387452e-01
4.311309426045724091e-01
4.314055412415698232e-01
4.235466471516066700e-01
4.224583694317057270e-01
4.146404758405196622e-01
4.115293494887672376e-01
4.084556490850106969e-01
4.052301967290734552e-01
3.953044749957997372e-01
3.975120089765655229e-01
3.994214443085532529e-01
3.917596159543652590e-01
3.852642671692009246e-01
3.814428628176936842e-01
3.775600063352366198e-01
3.733668618517632098e-01
3.716422483006667776e-01
3.698522322735954271e-01
3.591859397724475600e-01
3.641463526309490217e-01
3.657930628027714626e-01
3.553651877075137411e-01
3.516859182300186570e-01
3.504759970931282664e-01
3.472773246229250432e-01
3.450585497697518655e-01
3.393744724673750102e-01
3.366017767276004991e-01
3.337222361544497917e-01
3.309697580444327381e-01
3.282035309615502494e-01
3.241133268782118715e-01
3.256841725112891162e-01
3.216588442523939939e-01
3.193896142949283479e-01
3.084080623098275908e-01
3.102588648780171821e-01
3.143943376451670546e-01
3.135118575325707702e-01
3.138593308514862068e-01
3.001236709547189796e-01
2.996930486844567865e-01
2.960680484836351045e-01
2.909662973230683347e-01
2.922193388998288177e-01
2.837152601176190503e-01
2.800991446314645694e-01
2.932525440119289617e-01
2.873061008224671031e-01
2.840511012018320791e-01
2.777245330691355263e-01
2.701834239450832675e-01
2.727070524883782321e-01
2.741042499926607534e-01
2.754255818330610950e-01
2.653688362354997832e-01
2.631958155304691682e-01
2.626218502803773780e-01
2.600833467181279945e-01
2.583220548238742698e-01
2.567983938812629652e-01
2.531574957998039554e-01
2.509224583120609475e-01
2.485079529068370263e-01
2.478666228806158389e-01
2.416664452923031892e-01
2.437658394210030777e-01
2.446557706488980966e-01
2.382692010202145383e-01
2.367775141530624738e-01
2.339853917642406855e-01
2.322011673745339178e-01
2.306482905612194378e-01
2.290780708323098547e-01
2.258539967550011462e-01
2.242107201897987068e-01
2.185840725415917341e-01
2.201186630706448155e-01
2.210048075677091828e-01
2.225272053297223940e-01
2.142319941486378609e-01
2.123818602657983334e-01
2.116685402010690109e-01
2.100965228931057638e-01
2.103842757363033056e-01
2.081586313113741316e-01
2.061341122261300396e-01
2.056371232064403975e-01
2.040602165866376994e-01
2.032747713236989495e-01
2.009177448668919841e-01
1.971971241209534709e-01
1.975185357043126033e-01
1.966421105852971252e-01
1.948363624585354448e-01
1.931882435871906389e-01
1.898212148552314293e-01
1.889248472151494884e-01
1.873262842017499596e-01
1.849343660157758140e-01
1.841698325324636065e-01
1.861796596401348869e-01
1.817665339855766837e-01
1.799935557702311839e-01
1.793041084372380134e-01
1.766988461593685666e-01
1.757553236004505970e-01
1.780112483704109627e-01
1.584578826201509527e-01
1.726123752834758107e-01
1.743629549317655403e-01
1.689846681059422318e-01
1.663445313843656126e-01
1.595620537703731912e-01
1.626235963581529331e-01
1.735870326598567825e-01
1.709956682854833765e-01
1.611352841975755013e-01
1.660149724931218873e-01
1.629221166605477333e-01
1.713052279274473177e-01
1.580436760525558426e-01
1.559033150665183887e-01
1.555761688793585451e-01
1.546157072080697470e-01
1.520719491373420662e-01
1.519746073373275108e-01
1.510212331754461346e-01
1.498974309334064059e-01
1.473419932681972744e-01
1.469968235137965040e-01
1.467956214458140951e-01
1.449073799783416050e-01
1.431575473717877078e-01
1.415055743202879579e-01
1.418194597211864527e-01
1.402082287362989566e-01
1.386514737211044790e-01
1.385627522966677849e-01
1.364481959232951569e-01
1.371300830512410251e-01
1.353260903414175154e-01
1.346354882016590204e-01
1.331387938668541215e-01
1.323234061073019496e-01
1.321971515593771407e-01
1.288441910507956423e-01
1.305172217612297902e-01
1.303133365842001345e-01
1.281096567072524950e-01
1.272280661459240791e-01
1.263340132480737510e-01
1.255272242665500804e-01
1.248150396934425282e-01
1.242273654162745905e-01
1.231920785277275804e-01
1.223095136422607948e-01
1.211071633009589144e-01
1.203398994818267176e-01
1.183498364169715683e-01
1.183926390219232766e-01
1.175329850870586584e-01
1.174534974599778236e-01
1.162355171844822732e-01
1.160745843119497661e-01
1.148067150110275714e-01
1.018154879161675685e-01
1.025543303826521591e-01
1.139750501007528727e-01
1.137944536387988648e-01
1.036696184995132969e-01
1.047090176452853683e-01
1.129604320934718825e-01
1.120217055479933860e-01
1.100338430650418808e-01
1.086125161795315208e-01
1.092129598969821119e-01
1.070299482629704091e-01
1.064973829804293365e-01
1.110202201146119338e-01
1.021667521275861912e-01
1.115415930545060746e-01
1.059159274829792191e-01
1.057986655357541078e-01
1.011564650624794670e-01
1.000516975205693604e-01
9.920851598144828087e-02
9.845013075451081175e-02
9.999241703641528756e-02
9.769489541799437904e-02
9.730861781327398985e-02
9.629843812927794955e-02
9.385693506952760834e-02
9.412864978664139959e-02
9.482211896310370480e-02
9.529300740003295023e-02
9.520965046960792877e-02
9.328546730668756115e-02
9.174353350746802804e-02
9.132313944008078888e-02
9.034205245602849876e-02
8.919430062670423431e-02
8.896222808519931025e-02
8.818087333813445783e-02
8.732132477378545810e-02
8.785987718147954262e-02
8.653208022379386966e-02
8.673748548233482791e-02
8.581725558190021752e-02
8.506430379304810718e-02
8.275056710258030246e-02
8.484381724563150318e-02
8.377909427960912592e-02
8.407349784457453234e-02
8.171058439437735299e-02
8.233915959419563224e-02
8.096862116592469516e-02
8.221173597929373744e-02
7.030225991950536657e-02
8.044944858604950733e-02
7.063377070778538436e-02
7.138834447395657479e-02
7.828271201582803762e-02
7.789653535264615125e-02
7.982352059171973768e-02
7.969061168385264959e-02
7.707866578287238257e-02
7.267040293307705512e-02
7.221607583104142081e-02
7.454663739948752532e-02
7.211715294071441296e-02
7.668920790886117611e-02
7.555327473291974238e-02
7.404673252281078477e-02
7.340401939209011128e-02
7.940323368458307440e-02
7.391556515683032902e-02
7.588403745675949275e-02
7.649085246944963001e-02
7.597727553477325035e-02
7.039427389674228486e-02
6.952749844975772420e-02
6.906849647923363200e-02
6.866283125439807955e-02
6.815124463092005203e-02
6.809360557667838709e-02
6.719075995317626282e-02
6.646735274367771007e-02
6.703864998499377281e-02
6.609174595277229891e-02
6.522101600713249570e-02
6.511415244422656678e-02
6.459334482894993346e-02
6.420395026073655309e-02
6.411095399479010970e-02
6.318138045144437720e-02
6.350209508441925776e-02
6.262739618256436824e-02
6.275394180228822949e-02
6.204704509599430484e-02
6.148648954853191267e-02
6.088004618068742352e-02
6.040312333438398879e-02
6.008418572325585627e-02
5.970398530001008730e-02
5.199546178250471357e-02
5.218361667284270033e-02
5.907016507968296942e-02
5.955506674499757430e-02
5.851132032398120852e-02
5.944406357630466903e-02
5.822333389503567963e-02
5.269899005596360986e-02
5.325649058300227501e-02
5.780454881851867371e-02
5.754413164675476616e-02
5.362914310592153955e-02
5.627847209943158402e-02
5.696352887696796291e-02
5.715736998219805159e-02
5.562375337860203661e-02
5.466119618730151675e-02
5.410458102236850170e-02
5.420091363737355311e-02
5.531615434304038015e-02
5.342675790380906065e-02
5.453803540993553550e-02
5.677001986396174732e-02
5.574735684846211792e-02
5.176036558700433665e-02
5.134378555167150998e-02
5.085606057406698299e-02
5.132563229132305893e-02
5.041174715734771106e-02
4.993338192801649589e-02
4.982939348322843603e-02
4.959273578131426913e-02
4.927920236212914723e-02
4.884635917050225706e-02
4.895956266940770102e-02
4.846164145237773918e-02
4.828154705588502682e-02
4.818637799103882291e-02
4.748528894765621094e-02
4.737131634653196643e-02
4.712174843446405997e-02
4.678732853016175086e-02
4.658959135884786773e-02
4.626619250555846080e-02
3.995514943145495740e-02
4.034059089081463295e-02
4.050138879775819212e-02
4.590568014708123340e-02
4.408510545134678577e-02
4.451735972139518605e-02
4.483548728478329443e-02
4.511297185020748945e-02
4.544151718183634531e-02
4.082049794139373800e-02
4.354304168392397756e-02
4.322603098641275565e-02
4.114490323042502284e-02
4.167030293660640983e-02
4.193971114196455574e-02
4.231658111615060891e-02
4.245477288827376877e-02
4.119470185266616707e-02
4.577935722468898239e-02
4.538949907766041958e-02
4.284337602142360146e-02
4.178886862086458875e-02
4.294127594388769120e-02
4.339866669170878988e-02
3.959767459784335752e-02
3.974054117180333273e-02
3.928427508887334663e-02
3.922165936140703524e-02
3.834508621004843049e-02
3.896316746041344342e-02
3.876619749890278244e-02
3.858161386458758280e-02
3.775349397640801602e-02
3.768722745036996724e-02
3.741382987576252761e-02
3.714553196826419351e-02
3.703119333519212103e-02
3.664283820612005554e-02
3.652596877198791697e-02
3.636757644996584798e-02
3.192602521038524072e-02
3.195442455482121885e-02
3.219596423657982570e-02
3.598915354717801413e-02
3.572570130301391117e-02
3.231752952903528542e-02
3.593946949580820172e-02
3.543366145166329528e-02
3.251871290071585430e-02
3.514514381006432486e-02
3.460704810138403448e-02
3.420082237993676832e-02
3.500609713488266744e-02
3.277974651017605268e-02
3.401949539682159324e-02
3.370232430879635532e-02
3.329714400043857353e-02
3.312299060095495046e-02
3.509945940520003277e-02
3.304891462455153417e-02
3.342914554629231733e-02
3.473343209645469998e-02
3.383637537643603005e-02
3.165627286337074214e-02
3.172837057444193726e-02
3.146303385560904331e-02
3.129466117088491178e-02
3.110834061108645743e-02
3.084778395131848594e-02
3.040710007926856334e-02
3.071829306657294922e-02
3.053537754710325056e-02
3.063709334217296770e-02
3.004455075863103272e-02
2.987119912011629991e-02
2.607868427966664876e-02
2.621273958454848479e-02
2.626391737729326728e-02
2.916545551280006962e-02
2.927484106121660407e-02
2.937261935478006555e-02
2.973050437776801266e-02
2.960038366320080078e-02
2.653353029308570463e-02
2.823238574170383250e-02
2.810132996858744417e-02
2.798306805648092740e-02
2.674313969968156526e-02
2.687059245542092883e-02
2.708531827180157836e-02
2.854779124990624098e-02
2.635528420986438941e-02
2.730112980660163308e-02
2.755042271019634073e-02
2.761397824636275394e-02
2.856612852894067217e-02
2.957230660473844294e-02
2.681151926595199200e-02
2.743686829680417466e-02
2.860165277795738772e-02
2.599347567805853840e-02
2.581148405601013315e-02
2.563811629817443205e-02
2.129677195732839964e-02
2.537482778348612925e-02
2.524026568614624530e-02
2.512513330430595979e-02
2.503849548509107237e-02
2.142566173370344385e-02
2.153811558411363944e-02
2.473689402682577657e-02
2.464760846887333393e-02
2.181478662169108323e-02
2.371008208392422559e-02
2.341110165576754110e-02
2.458429399446993360e-02
2.387916097613017666e-02
2.431511185431553534e-02
2.426455575906871776e-02
2.185897927097195381e-02
2.238327338288045171e-02
2.330874189157000967e-02
2.258238883928779389e-02
2.225291306683907511e-02
2.320230643713167354e-02
2.273384954815344666e-02
2.281088710754289317e-02
2.400585421921731105e-02
2.406502932527519040e-02
2.451276658770529943e-02
2.197721516537935044e-02
2.204065510861841909e-02
2.209604687063452047e-02
2.296629928541314009e-02
2.302426085395397129e-02
2.122405566188005632e-02
2.108747317356138642e-02
2.088029355099844595e-02
2.068505242527902965e-02
2.059333708147163128e-02
2.048649967323011578e-02
2.029954285053195071e-02
2.025538769826876542e-02
2.012891045614570440e-02
1.999570379028405009e-02
1.918123619841714811e-02
1.936364950639041932e-02
1.922597482305764618e-02
2.011138193871926313e-02
1.991959354066614660e-02
1.982089227044865620e-02
1.959609108164248395e-02
1.963596855775933542e-02
1.737333353716053602e-02
1.750355657476877075e-02
1.887678837132765117e-02
1.878067747421253986e-02
1.873809325982095028e-02
1.818934708525962035e-02
1.829403302765814088e-02
1.971488395241396616e-02
1.760743156906140194e-02
1.759817841385883860e-02
1.850286011612451570e-02
1.795940224105090424e-02
1.775640076694462097e-02
1.805429770129557757e-02
1.785754628365953181e-02
1.845062298345756871e-02
1.847156277956259890e-02
1.786210914201456779e-02
1.733630279417667022e-02
1.711963504577393089e-02
1.707530926824474618e-02
1.699174359925934019e-02
1.683609468142732019e-02
1.680058272480894344e-02
1.667909711521416496e-02
1.652602533060060566e-02
1.657063826990483324e-02
1.649907356689261917e-02
1.631832484742347725e-02
1.617007358771171618e-02
1.610443119100356604e-02
1.607611382597233171e-02
1.586997807378712558e-02
1.596594887108922570e-02
1.579863274145825586e-02
1.563984426540264774e-02
1.559119590566771657e-02
1.399715110518322779e-02
1.581301129571652947e-02
1.549695915946873968e-02
1.411969674697578780e-02
1.421895917110839978e-02
1.415495963059348362e-02
1.447938283510141408e-02
1.457900389436838848e-02
1.511113767253868638e-02
1.521537536825152276e-02
1.534645931615788959e-02
1.474595727975197036e-02
1.494113916165157145e-02
1.536453447916025401e-02
1.429471085731199784e-02
1.465319993010343221e-02
1.485670427250428312e-02
1.444715393631066866e-02
1.491773057847261240e-02
1.480119301252070564e-02
1.387805780894543588e-02
1.393745615517113547e-02
1.375690990629632737e-02
1.378186946779016119e-02
1.366648179474263397e-02
1.360337081479502663e-02
1.350264227628795825e-02
1.345995700831786705e-02
1.321066450206150045e-02
1.332426094949635230e-02
1.330036691732672943e-02
1.304521183734518031e-02
1.298452423664924263e-02
1.293742678666215395e-02
1.287975630688376581e-02
1.272197619950503171e-02
1.277657771760747248e-02
1.282552687559587214e-02
1.256901292952862861e-02
1.253405628333251545e-02
1.242683711045630517e-02
1.235217068950442663e-02
1.239623214616915672e-02
1.225698201355513751e-02
1.218131423206600741e-02
1.207759204955103152e-02
1.201926389041674779e-02
1.183624894158964540e-02
1.200539021573776739e-02
1.175025289610490305e-02
1.169432761444614936e-02
1.162141346925929172e-02
1.170811283791590648e-02
1.153468217853940124e-02
1.146885893302677581e-02
1.158280764814230597e-02
1.141987102717066313e-02
1.126747704596216954e-02
1.132537908865043422e-02
1.129158854912993247e-02
1.112819800997004970e-02
1.104174202392105286e-02
1.102392658805963210e-02
1.089685288151298267e-02
1.079591957957334349e-02
1.072051764734046481e-02
1.090408589077623489e-02
1.060792876580174231e-02
1.065424473819294102e-02
1.053726176071923155e-02
1.055269666021296446e-02
1.038993301666839980e-02
1.041568927452216076e-02
1.028089209776278379e-02
1.023968823863830209e-02
1.016800169982134440e-02
1.013606957859631771e-02
1.007406191086112485e-02
1.003207859879107558e-02
9.976824328672296432e-03
9.915737048949255228e-03
9.873736828419427819e-03
9.852773229016877077e-03
9.776271923314346426e-03
9.697887525370228745e-03
9.655806905459420400e-03
7.305832513670168851e-03
7.339397578480214360e-03
9.513376572705758288e-03
9.479304219616178570e-03
9.469948486798164880e-03
7.392526287977535873e-03
7.402012905958784902e-03
7.428947558786878728e-03
7.467385936500875107e-03
9.386872290409208064e-03
9.331660530632881687e-03
7.521314703455204108e-03
7.556503088365662014e-03
7.648244349302599221e-03
9.368345495330970829e-03
9.162199160675116652e-03
9.222942110252839443e-03
9.107844726699447502e-03
9.080880668583870066e-03
9.271548064416282320e-03
7.666550107251665289e-03
7.724338149450344325e-03
7.755291857617571671e-03
9.033374123106599832e-03
9.014573793670771149e-03
7.831496184366263866e-03
7.878671865768967220e-03
8.944365346051041249e-03
7.918563818276396285e-03
8.864946476438078510e-03
7.966423570642849200e-03
8.773254155894789560e-03
8.720504175599023619e-03
8.030666828329860105e-03
8.079490133361488455e-03
8.135821663263468131e-03
8.402499325719839027e-03
8.642246478423497996e-03
8.661721994772117808e-03
8.438236157810129548e-03
8.324211478997681560e-03
8.199343814269791780e-03
8.467954482233849833e-03
8.537958636999744624e-03
8.600154501527670567e-03
8.801223676366124946e-03
8.260676914561821890e-03
8.269044179663986513e-03
8.271534180167031125e-03
6.827280939224104547e-03
6.846283583106483987e-03
6.902050621901402623e-03
6.917004867283908787e-03
6.973151614614857621e-03
7.028375194848128851e-03
7.048112630856057971e-03
7.113679785173974805e-03
7.080742271238092862e-03
7.225657790002688180e-03
7.177574719611294098e-03
7.200829142545072704e-03
6.969562319741535658e-03
6.299649794961247919e-03
6.314824981336242433e-03
6.390825101225540254e-03
6.422248463918930374e-03
6.456693151937225282e-03
6.486838870568861770e-03
6.547814371924749570e-03
6.570873617312691060e-03
6.591982651378159447e-03
6.619327507146048617e-03
6.688353463724104435e-03
6.774492120960959145e-03
6.744524645006268887e-03
6.730544188898314288e-03
5.625163278042345956e-03
5.677855214895417314e-03
5.708040407111897308e-03
6.219637429731609754e-03
6.187774204525381058e-03
5.741616360848074245e-03
5.828450193000200667e-03
5.876415678742261464e-03
6.114653919910988805e-03
5.796944077912837695e-03
5.995857704641580598e-03
5.759366483655835138e-03
6.079003217682741114e-03
6.030919507043386481e-03
5.942712685523517460e-03
5.777309450775445186e-03
5.959955111394970792e-03
6.058397557474645527e-03
6.150413912059277469e-03
4.843387935330061012e-03
5.615982384492808517e-03
5.555362150921691264e-03
5.537770588157292853e-03
5.486307369421911627e-03
5.448919845700394247e-03
4.935208031422925849e-03
5.419632445251496879e-03
4.909814491668110931e-03
5.008063834406789420e-03
5.035113519641103499e-03
5.372059781825776204e-03
5.205273389189599663e-03
5.127427883630085274e-03
5.062961172705877748e-03
5.282173085838491079e-03
5.316085604126302711e-03
4.906530564079141128e-03
5.236366691437597393e-03
5.247265404118756776e-03
5.345463193593916890e-03
5.355905562074840011e-03
4.991597761053357014e-03
5.075675395152255513e-03
5.101408568747478785e-03
4.823942317396996173e-03
4.743845016897363723e-03
4.800830799559120156e-03
4.782579768599816081e-03
4.706729220729319145e-03
4.662915272916279101e-03
4.653800048315937660e-03
4.594460125508488882e-03
4.615311639745357797e-03
4.547241436849609915e-03
4.523303691699099259e-03
4.499588129852633532e-03
4.470712319022513218e-03
4.443743937704264929e-03
4.421968316190354360e-03
4.398263347335539149e-03
4.363135854451248227e-03
4.370972880553588256e-03
4.304329694976300434e-03
4.325106218149842377e-03
4.250383063234741167e-03
4.267989483639240446e-03
4.227372569977644150e-03
4.190083103413205778e-03
4.203092384470507800e-03
4.151263119142635516e-03
4.095120843307657049e-03
4.143980859279516697e-03
4.041462561102274892e-03
4.011052874255477234e-03
4.078124869918557140e-03
3.965357059841379331e-03
3.973282284044933263e-03
3.992882410811877253e-03
3.932000017214804834e-03
3.917141904006206550e-03
3.875759721940139502e-03
3.899333757724775772e-03
3.818417936256539909e-03
3.857706594144690720e-03
3.805934233542562425e-03
3.892535088119908858e-03
3.755306220362439155e-03
3.739881586736326646e-03
3.723302514719352158e-03
3.646379012774314532e-03
3.659752239169367528e-03
3.680999788036941160e-03
3.703773013434678331e-03
3.591466693646267784e-03
3.542855752347287904e-03
3.588858350412384764e-03
3.565456946812252566e-03
3.496025789146960713e-03
3.481299503653164078e-03
3.440778176327483669e-03
3.463370062010270953e-03
3.414827127941068817e-03
2.564146587605981888e-03
3.459551406005718140e-03
2.578247995731024200e-03
3.395084707395193673e-03
3.360581893203392397e-03
2.603405115111699728e-03
2.619484162051508112e-03
3.347821346475909985e-03
3.325692982767752045e-03
3.309857507952467665e-03
3.276219145902873036e-03
2.639191847922794844e-03
3.257909378169302102e-03
2.649977057827285470e-03
3.246205754873528974e-03
2.677278657067726567e-03
2.680864257095596798e-03
3.235718386057335680e-03
3.205370494702860628e-03
2.706972333718458013e-03
3.179022046569864382e-03
3.165062402123304443e-03
3.146124798386292984e-03
2.723578472456825769e-03
2.742338001649956628e-03
2.749318000675381353e-03
2.778075365381301245e-03
3.072435292796058329e-03
3.110701418836625109e-03
2.790303874122669701e-03
2.806090540967497160e-03
3.120673627221739414e-03
3.049972651973318401e-03
3.061735428068410036e-03
2.829946646105941602e-03
2.927535619847161218e-03
2.949146370553727605e-03
2.872072752943870700e-03
3.005557987945848240e-03
2.954754680027065015e-03
2.996760849810086672e-03
2.856566076190707442e-03
2.840758853945236657e-03
2.899291577248055800e-03
3.012529549427895009e-03
2.895927205618495717e-03
2.422290141044346895e-03
2.443963790473009049e-03
2.457229541475277387e-03
2.467274706736827684e-03
2.495778359570002825e-03
2.513199121688720113e-03
2.542218524862833919e-03
2.535574794097070293e-03
2.173213495305705532e-03
2.203272484499600638e-03
2.248778993711315812e-03
2.393818763797256593e-03
2.375323606210227347e-03
2.234351884611693664e-03
2.317338780599480837e-03
2.407642046220878889e-03
2.188365292350181231e-03
2.350284610946896165e-03
2.329612361537704290e-03
2.264233261709886012e-03
2.236052556204972362e-03
2.335175567119387573e-03
2.360652442044169474e-03
2.292034276235812955e-03
2.160603239150109094e-03
2.154568571954737846e-03
2.129924954942244691e-03
2.118044808782782850e-03
2.098254257534911283e-03
2.069632857618380461e-03
2.087412422923556280e-03
2.078839969412924361e-03
2.040670474188156693e-03
2.003771055146237948e-03
2.044720971530659612e-03
1.724765173728285729e-03
1.991480010581670856e-03
1.751805690780512811e-03
1.974020694627211161e-03
2.048003653625211310e-03
1.778259530642826471e-03
1.796409769111822520e-03
1.852555320001509319e-03
1.832075156754325949e-03
1.867220053771719013e-03
1.961579311213646187e-03
1.952707627480293993e-03
1.929822208632974052e-03
1.882386147244287725e-03
1.769581419662538549e-03
1.789702260919710103e-03
1.887269537250475240e-03
1.817770801769320660e-03
1.937752599103128703e-03
1.922830539600996419e-03
1.898611867370451857e-03
1.820381022602165621e-03
1.742133959475536007e-03
1.704927174821047791e-03
1.698751870664835231e-03
1.694746626758861620e-03
1.666881730719474127e-03
1.654622057728987079e-03
1.673676303971683788e-03
1.619132793931840966e-03
1.626791895410786143e-03
1.633050451282391487e-03
1.563437951690088701e-03
1.590837910004162629e-03
1.607174225557050744e-03
1.600022401494706611e-03
1.115921616689371631e-03
1.122950494655205632e-03
1.553417304915473375e-03
1.136036408188254021e-03
1.147897219101203696e-03
1.541920405826280793e-03
1.534336947544580419e-03
1.528683519831333226e-03
1.516453027334184250e-03
1.507799250013196549e-03
1.164867100120783178e-03
1.171723409652890117e-03
1.483147967875065015e-03
1.189914012857305530e-03
1.471157997056433573e-03
1.462142495629627659e-03
1.455844409742160315e-03
1.193408712056035197e-03
1.202581973670758045e-03
1.210985373751409522e-03
1.417163480318696638e-03
1.397138124537989105e-03
1.371953390239078656e-03
1.378574881920055896e-03
1.349718691045952200e-03
1.423682319936123066e-03
1.223094470493811320e-03
1.435704578388143473e-03
1.227401539514647510e-03
1.332498328972507974e-03
1.234610661337819928e-03
1.245531226902335271e-03
1.252392352664295294e-03
1.272857207247891443e-03
1.289503722140199421e-03
1.282399883440935246e-03
1.436786279245969022e-03
1.316429750829634831e-03
1.299476686273836733e-03
1.364943125964630192e-03
1.401851552206547597e-03
1.308490961457543832e-03
1.308850170839543541e-03
1.823520650303856090e-04
2.026551464390319789e-04
2.105721745828638609e-04
1.057910641235001743e-03
1.101267993733554386e-03
1.073008770759608776e-03
1.088498078942571907e-03
1.096556681412825954e-03
1.080379788961478849e-03
1.079346444178275232e-03
1.642638497326705076e-04
1.857088674197975887e-04
1.936905029411947103e-04
2.145722454544553770e-04
2.136832164747420968e-04
2.198084224884626651e-04
1.054639611295189175e-03
8.886419623090087557e-04
8.971933119506989018e-04
1.040791616901730332e-03
1.025692973858221635e-03
9.029841768724590750e-04
9.114445871127590951e-04
1.011384129881616250e-03
1.038457882719022668e-03
9.406361012230519784e-04
9.524840412353255620e-04
1.006828652494064398e-03
9.924816657762161945e-04
9.758441988897132010e-04
9.220858506859351111e-04
1.003077025338449443e-03
9.264252379553418806e-04
9.578896612104699114e-04
9.615692328215394002e-04
9.845469963763626986e-04
1.036128301752204913e-03
9.701735245568382428e-04
2.262672502623886057e-04
2.339538087553368311e-04
2.383132061625911288e-04
2.429744008822514346e-04
2.473352977181609452e-04
2.560741617223845769e-04
2.591910953139242666e-04
2.643231979888491213e-04
2.691188887793977288e-04
2.722084867858913472e-04
2.784540699360311153e-04
2.871133617542441551e-04
3.033037016730021919e-04
3.097391177269161167e-04
3.187608881284115974e-04
8.711730177131312433e-04
8.661163687211505084e-04
8.584617379689898778e-04
8.492909639067316085e-04
8.448444128405269322e-04
7.987449451059188679e-04
8.238391499564350030e-04
8.367624368624972499e-04
7.119231146889580314e-04
7.756924345505002106e-04
7.890289315255537370e-04
8.159689585243659225e-04
8.810410531530513470e-04
8.390032028288509948e-04
7.637705498693067585e-04
7.622426529833799301e-04
8.092516111162585983e-04
8.189932668601117641e-04
7.844083386392696226e-04
7.439365211783060790e-04
7.415378892170101498e-04
7.537710417792204678e-04
2.908921647711580410e-04
2.949578734383752170e-04
2.975444900070036780e-04
2.965030575907420612e-04
7.323917073133406983e-04
7.339580174595576123e-04
3.121458029142076145e-04
7.227932690274767313e-04
7.059617231398403929e-04
3.267419929205770518e-04
3.337892247183099582e-04
6.967027891343360001e-04
6.946621926740022658e-04
6.755436308758295703e-04
6.723316225464590155e-04
3.357299186847430761e-04
3.447422394299362591e-04
3.468608160582968883e-04
6.657270885151868973e-04
3.592757141680227796e-04
3.544923637359304611e-04
5.690708546197006078e-04
5.445999513823665452e-04
3.666658040179411062e-04
6.616447895559879420e-04
5.845453977720901223e-04
4.389514788389200996e-04
4.501340715962398793e-04
6.020800940306276399e-04
4.974928835295449768e-04
4.688398582785854385e-04
4.253380107354289702e-04
4.289399853139827285e-04
4.198418336405254333e-04
6.164270638711917679e-04
4.142238418198010094e-04
3.738817805087610909e-04
4.884305984126269436e-04
6.546311264800940043e-04
6.233922572680555569e-04
4.075784395312666546e-04
3.868016461326579422e-04
6.391371027674291319e-04
6.357402554950928372e-04
6.511469342331074493e-04
3.770730893148570100e-04
3.416379340029913176e-04
4.561312827459901146e-04
6.311154816334821381e-04
6.207672390809924586e-04
6.082062064845498604e-04
5.909330712558016896e-04
5.789240232846827507e-04
5.805597949934594324e-04
4.064408045933244661e-04
5.644862843700371776e-04
5.624609688227915011e-04
3.805209121105024924e-04
3.833394570726507888e-04
3.954672901916113413e-04
3.966733782336254654e-04
4.546808522788042838e-04
4.619664857484621933e-04
3.909848475007814497e-04
4.923402268655091996e-04
4.785294290015738470e-04
5.074515562375574423e-04
5.221931741793304702e-04
5.251817929342991655e-04
5.159514986394855580e-04
4.742787102193977392e-04
4.755655932197860696e-04
5.060608978068713987e-04
5.543049374085741964e-04
5.305384925490607773e-04
5.345470397366685082e-04
5.349866234832910275e-04
1.283067068362677516e-14
2.359801938166677644e-15
2.359801938166677644e-15
9.171318967476594387e-15
9.171318967476594387e-15
7.488340253587342274e-15
7.061316928342241832e-15
7.061316928342241832e-15
9.293850587679763685e-16
9.293850587679763685e-16
7.012981962432833088e-15
2.358810357115392936e-15
2.358810357115392936e-15
3.902629773515845883e-15
3.902629773515845883e-15
5.456864256234548492e-15
5.072916039364620983e-15
5.072916039364620983e-15
3.967208684964024264e-15
3.967208684964024264e-15
1.706594543306992438e-15
1.706594543306992438e-15
2.184095911898121688e-15
2.184095911898121688e-15
4.332806062991103594e-15
4.332806062991103594e-15
7.859832441637316226e-16
7.859832441637316226e-16
3.934505670128115843e-15
3.934505670128115843e-15
4.421795495266231098e-16
4.421795495266231098e-16
2.169828091556837060e-15
2.169828091556837060e-15
3.537114264520431362e-15
3.537114264520431362e-15
1.483057873707820269e-15
1.483057873707820269e-15
3.134513875135454339e-15
3.134513875135454339e-15
3.405816725596178858e-15
3.405816725596178858e-15
3.494716965702156681e-15
2.709573603072927697e-15
2.709573603072927697e-15
3.699805125641226921e-15
2.878858974748054187e-15
2.878858974748054187e-15
3.020291095641884894e-15
3.020291095641884894e-15
3.301287713199004979e-15
3.301287713199004979e-15
3.285071903857891130e-15
3.285071903857891130e-15
3.297207874994303020e-15
3.282340773291863965e-15
3.282340773291863965e-15
2.074433819161421303e-15
2.074433819161421303e-15
1.764786449854339078e-15
1.764786449854339078e-15
2.172785559299390504e-15
2.172785559299390504e-15
9.173347744951751559e-16
9.173347744951751559e-16
2.807606252829957013e-15
2.807606252829957013e-15
3.885509053168697052e-16
3.885509053168697052e-16
2.926491869013466339e-15
2.479531622904067163e-15
2.479531622904067163e-15
2.768403265084300027e-15
2.768403265084300027e-15
2.684239872615012008e-15
2.684239872615012008e-15
2.768054839028827424e-15
2.768054839028827424e-15
2.053869935037219636e-15
2.053869935037219636e-15
1.596250416677762960e-15
1.596250416677762960e-15
2.682779648893430734e-15
2.682779648893430734e-15
2.468425443910275227e-15
2.468425443910275227e-15
1.844387460868400610e-15
1.844387460868400610e-15
1.954565243347178627e-16
1.954565243347178627e-16
2.825228783802147631e-15
2.825228783802147631e-15
2.042568823222943877e-15
2.042568823222943877e-15
2.887518773336565153e-15
2.887518773336565153e-15
3.075171710381394843e-15
8.106494900618357117e-16
8.106494900618357117e-16
1.258542304391608495e-15
1.258542304391608495e-15
8.698211770991725625e-16
8.698211770991725625e-16
2.535454400047670675e-15
2.535454400047670675e-15
2.289249787643571416e-15
2.289249787643571416e-15
2.926365975388641196e-15
2.926365975388641196e-15
1.564415634856181866e-15
1.564415634856181866e-15
2.790867319062931869e-15
2.790867319062931869e-15
1.606518968475547314e-15
1.606518968475547314e-15
1.644526025268203880e-15
1.644526025268203880e-15
2.126018215292818175e-15
2.126018215292818175e-15
2.736973387017268956e-15
2.736973387017268956e-15
2.455371244174137645e-15
2.455371244174137645e-15
1.927469522302233979e-15
1.927469522302233979e-15
2.354758346214601967e-15
2.354758346214601967e-15
2.422369095841743104e-15
2.422369095841743104e-15
2.610079645894803414e-15
2.610079645894803414e-15
2.647730945555085882e-15
2.647730945555085882e-15
2.316252442351341995e-15
2.316252442351341995e-15
2.447401939874866876e-15
5.447462306161664737e-17
5.447462306161664737e-17
1.134553065978055493e-15
1.134553065978055493e-15
7.466809528168986021e-16
7.466809528168986021e-16
1.879633929166632567e-15
1.879633929166632567e-15
1.625938520709657712e-15
1.625938520709657712e-15
1.510511662958372423e-15
1.510511662958372423e-15
2.163073079059336323e-15
2.163073079059336323e-15
2.588870613728313314e-15
2.588870613728313314e-15
2.537323457899346386e-15
2.537323457899346386e-15
2.352435824550041612e-15
2.352435824550041612e-15
2.003528462172781205e-15
2.003528462172781205e-15
1.958987839241569702e-15
1.958987839241569702e-15
2.179990877957062843e-15
2.179990877957062843e-15
2.347586394497637411e-15
2.347586394497637411e-15
2.195833071019447577e-15
2.195833071019447577e-15
2.299578860446983177e-15
2.299578860446983177e-15
8.996175869068158975e-16
8.996175869068158975e-16
2.414702452030928636e-15
1.624185043270016769e-15
1.624185043270016769e-15
2.365668792067088776e-15
2.365668792067088776e-15
3.754729126326039027e-16
3.754729126326039027e-16
1.792018493405795486e-15
1.792018493405795486e-15
1.564058597274639276e-15
1.564058597274639276e-15
1.971916892053152176e-15
1.971916892053152176e-15
2.144307071362730456e-15
2.144307071362730456e-15
2.175825216903661161e-15
2.316156016219022102e-15
2.316156016219022102e-15
1.976782626111266452e-15
1.976782626111266452e-15
2.110391536695099267e-15
2.110391536695099267e-15
2.193124983905137108e-15
2.193124983905137108e-15
2.106526047842322893e-15
2.106526047842322893e-15
1.162235905169933730e-15
1.162235905169933730e-15
7.225359859071902734e-16
7.225359859071902734e-16
5.490641834618392955e-16
5.490641834618392955e-16
8.878892405849202020e-16
8.878892405849202020e-16
3.220733709226196279e-16
3.220733709226196279e-16
1.274609130004099096e-15
1.274609130004099096e-15
8.775986539295461695e-16
8.775986539295461695e-16
2.135067142961354575e-15
2.135067142961354575e-15
1.608827942557431962e-15
1.608827942557431962e-15
5.813060300338107738e-17
5.813060300338107738e-17
1.034978774898587129e-15
1.034978774898587129e-15
1.494637286374384887e-15
1.494637286374384887e-15
1.659235730664322347e-15
1.659235730664322347e-15
2.002241302344538523e-15
2.002241302344538523e-15
2.095077732010701264e-15
2.095077732010701264e-15
1.918809580686380962e-15
1.918809580686380962e-15
1.323432074629236865e-15
1.323432074629236865e-15
1.962715187028101188e-15
1.962715187028101188e-15
8.310656962209508370e-17
8.310656962209508370e-17
1.018373255211061929e-15
1.018373255211061929e-15
2.119826271053823363e-15
2.119826271053823363e-15
1.775640697161273253e-15
1.775640697161273253e-15
6.609041237486995607e-16
6.609041237486995607e-16
1.935146172619429792e-15
1.935146172619429792e-15
1.007928933630301191e-15
1.007928933630301191e-15
1.514884897733030676e-15
1.514884897733030676e-15
1.089309442878870611e-15
1.089309442878870611e-15
1.819183586408690469e-15
1.819183586408690469e-15
1.364490670387514202e-15
1.364490670387514202e-15
6.461864256253108182e-16
6.461864256253108182e-16
2.022094048825007999e-15
2.022094048825007999e-15
1.617991042678942149e-15
1.617991042678942149e-15
1.984616659912832548e-15
1.984616659912832548e-15
3.767149583170440029e-16
3.767149583170440029e-16
1.451784236788982826e-15
1.451784236788982826e-15
4.165217402386553657e-16
4.165217402386553657e-16
1.867337731073384991e-15
1.867337731073384991e-15
1.938230967801360411e-15
1.938230967801360411e-15
1.125435527471639285e-15
1.125435527471639285e-15
6.738774000495404564e-16
6.738774000495404564e-16
1.668064686209463077e-15
1.668064686209463077e-15
1.212444336568607355e-15
1.212444336568607355e-15
1.461762287042638065e-15
1.461762287042638065e-15
1.404769440035051702e-15
1.404769440035051702e-15
4.090122693233154848e-17
4.090122693233154848e-17
1.333836857787345119e-15
1.333836857787345119e-15
9.006507085181575490e-16
9.006507085181575490e-16
3.103165948124636073e-16
3.103165948124636073e-16
1.831742685699285326e-15
1.831742685699285326e-15
7.446828676104572702e-16
7.446828676104572702e-16
1.225543053959402963e-15
1.225543053959402963e-15
1.809798148643910910e-15
1.809798148643910910e-15
8.575664095891830380e-16
8.575664095891830380e-16
1.605425459487424972e-15
1.605425459487424972e-15
5.489975910808965092e-16
5.489975910808965092e-16
1.614659808737979265e-15
1.614659808737979265e-15
6.102051870403693931e-16
6.102051870403693931e-16
1.656815483897413052e-15
1.656815483897413052e-15
9.996305387524329815e-16
9.996305387524329815e-16
1.801418427646636108e-15
1.801418427646636108e-15
3.809587331508325451e-17
3.809587331508325451e-17
1.631008874042331791e-15
1.631008874042331791e-15
1.760345794158813227e-15
1.760345794158813227e-15
1.720223501024429302e-15
1.720223501024429302e-15
1.763472576537765974e-15
1.763472576537765974e-15
2.261406672855971617e-16
2.261406672855971617e-16
1.429215847411865638e-15
1.429215847411865638e-15
1.749534291206930826e-15
4.171916872776383263e-16
4.171916872776383263e-16
1.097881559418484793e-15
1.097881559418484793e-15
1.141305065882545733e-15
1.141305065882545733e-15
8.280482061591573841e-16
8.280482061591573841e-16
1.443289719066440588e-15
1.443289719066440588e-15
3.515317473193304367e-16
3.515317473193304367e-16
1.500865743576130272e-16
1.500865743576130272e-16
9.505873619387925311e-16
9.505873619387925311e-16
1.181600094028469767e-15
1.181600094028469767e-15
1.448972815944511880e-15
1.448972815944511880e-15
1.573953059618252960e-15
1.573953059618252960e-15
6.159901149274970325e-16
6.159901149274970325e-16
1.181133426299614914e-15
1.181133426299614914e-15
1.575314894251673193e-15
1.575314894251673193e-15
1.684597007009126516e-15
1.595388120584361554e-15
1.547406811550485417e-15
1.547406811550485417e-15
1.365399062525043012e-15
1.365399062525043012e-15
1.435679775579094637e-15
1.435679775579094637e-15
1.438754583704730943e-15
1.438754583704730943e-15
1.388217865549886039e-15
8.930859891530570563e-16
8.930859891530570563e-16
1.329354588876187530e-15
1.329354588876187530e-15
1.105916241138257575e-15
1.105916241138257575e-15
2.064732155264517913e-16
2.064732155264517913e-16
1.248408383068309400e-15
1.248408383068309400e-15
1.059309227313968841e-15
1.059309227313968841e-15
1.016124619326447080e-15
1.016124619326447080e-15
7.972342555878102002e-16
7.972342555878102002e-16
1.426254591233839410e-15
1.426254591233839410e-15
3.438429700109910410e-16
3.438429700109910410e-16
4.351963181172245174e-16
4.351963181172245174e-16
6.265492724071748631e-16
6.265492724071748631e-16
2.481775349893260432e-17
2.481775349893260432e-17
2.857744916680937033e-16
2.857744916680937033e-16
8.007766969099278727e-16
8.007766969099278727e-16
7.637967933696847262e-16
7.637967933696847262e-16
1.228184331754541610e-15
1.228184331754541610e-15
2.161896913404369369e-16
2.161896913404369369e-16
1.124620250389038662e-15
1.124620250389038662e-15
1.291513638188000396e-15
1.312994005129005314e-15
1.312994005129005314e-15
8.807642877003516929e-16
8.807642877003516929e-16
1.063072631400812042e-16
1.063072631400812042e-16
3.443219116243448638e-16
3.443219116243448638e-16
5.060712825973968332e-16
5.060712825973968332e-16
6.832033584989863582e-16
6.832033584989863582e-16
1.158420407405178646e-15
1.158420407405178646e-15
8.860114216749537637e-16
8.860114216749537637e-16
1.024562236458446258e-15
1.024562236458446258e-15
9.752254832997407737e-16
9.752254832997407737e-16
1.272485316919141156e-15
1.272485316919141156e-15
7.868510099142219985e-16
7.868510099142219985e-16
6.569425683537294431e-16
6.569425683537294431e-16
2.041357956563188307e-16
2.041357956563188307e-16
1.168186473019691310e-15
1.168186473019691310e-15
4.257957123962492302e-16
4.257957123962492302e-16
3.863316642670827478e-16
3.863316642670827478e-16
6.814197810474200037e-16
6.814197810474200037e-16
9.765839557421945197e-16
9.765839557421945197e-16
1.034772016799223975e-15
1.034772016799223975e-15
1.203821273308401259e-15
1.051766277416000917e-15
1.051766277416000917e-15
6.584121836052512075e-16
6.584121836052512075e-16
7.923344171220565353e-16
7.923344171220565353e-16
1.064279947691175332e-15
1.064279947691175332e-15
7.780066407463525024e-17
7.780066407463525024e-17
8.254407058880109880e-16
8.254407058880109880e-16
2.742958256069209867e-16
2.742958256069209867e-16
8.180513561133962139e-16
8.180513561133962139e-16
1.114379020089436271e-15
1.019443476366705483e-15
1.019443476366705483e-15
9.334271446523862580e-16
9.334271446523862580e-16
4.745540070823065898e-16
4.745540070823065898e-16
9.562038271168904293e-16
6.766068896695071493e-16
6.766068896695071493e-16
1.590942528615978755e-16
1.590942528615978755e-16
9.823559922145619068e-16
9.823559922145619068e-16
2.551575062129962054e-17
2.551575062129962054e-17
2.390537358462673263e-16
2.390537358462673263e-16
5.759701532665134041e-16
5.759701532665134041e-16
2.274879536964099654e-16
2.274879536964099654e-16
4.062220330918144468e-16
4.062220330918144468e-16
7.856286838684437657e-16
7.856286838684437657e-16
8.767618245200286645e-16
2.674293109413910216e-16
2.674293109413910216e-16
5.475962529655878244e-16
5.475962529655878244e-16
7.504012419510856333e-16
7.504012419510856333e-16
8.523974863556717299e-16
8.523974863556717299e-16
7.489523816055903308e-16
7.489523816055903308e-16
7.915636332361150271e-16
7.915636332361150271e-16
3.036887683847424966e-16
3.036887683847424966e-16
1.674567177711407256e-16
1.674567177711407256e-16
7.194740967547330136e-16
4.243164931381677654e-16
4.243164931381677654e-16
3.326567755746604975e-17
3.326567755746604975e-17
5.459456866716369974e-16
5.459456866716369974e-16
3.605364067501838572e-16
3.605364067501838572e-16
6.665316844661868953e-16
6.665316844661868953e-16
7.619616933692686603e-16
7.290201322866639447e-16
7.290201322866639447e-16
2.937985838064866514e-17
2.937985838064866514e-17
9.671681134930123542e-17
9.671681134930123542e-17
6.041612234990839712e-16
6.041612234990839712e-16
5.359905304886649776e-16
4.661945159844504508e-16
4.661945159844504508e-16
4.913010572567933181e-16
4.913010572567933181e-16
6.060204149159404203e-16
5.735554380900397835e-16
5.735554380900397835e-16
8.323909411423417669e-17
8.323909411423417669e-17
2.318944637340729893e-16
2.318944637340729893e-16
2.051413495412401789e-16
2.051413495412401789e-16
2.683626422024592224e-16
2.683626422024592224e-16
4.254662876510801429e-16
4.254662876510801429e-16
5.442236504590935089e-16
1.687681665998417061e-16
1.687681665998417061e-16
2.785735415759564996e-16
2.785735415759564996e-16
3.053341376183737735e-16
1.968421716501855388e-17
1.968421716501855388e-17
2.500020329959122298e-16
2.500020329959122298e-16
2.630318379218977718e-16
2.630318379218977718e-16
2.127159297288552210e-16
2.127159297288552210e-16
4.040382837934913487e-16
1.189800066160759434e-16
1.189800066160759434e-16
6.495387596852072755e-17
6.495387596852072755e-17
2.324458508229904972e-16
2.324458508229904972e-16
2.774797840419577307e-16
1.876224260362166725e-17
1.161173737068066666e-16
